0.00390984  0.00277581  0.000769704  -0.0261019  -0.0789274  -0.136196  
0.00378666  0.00241203  0.000536811  -0.0305054  -0.0904115  -0.0802793  
0.00321511  0.00201066  0.000860359  -0.020422  -0.0972026  -0.0727769  
0.00328151  0.00188336  0.000962741  -0.0220189  -0.0780974  -0.105577  
0.00301687  0.00188336  0.000912738  -0.0220006  -0.0791527  -0.104248  
0.00382659  0.00188336  0.000804145  -0.0306622  -0.0793835  -0.074378  
0.00334325  0.00188336  0.000781622  -0.0344012  -0.0920819  -0.024083  
0.00266848  0.00129754  0.000625197  -0.0296365  -0.099418  -0.004613  
0.00229274  0.00129754  0.000406842  -0.0268743  -0.099439  -0.0412931  
0.0028365  0.00129754  0.000624757  -0.0225569  -0.0708072  -0.0589816  
0.00383483  0.0011272  0.000593756  -0.0226018  -0.0771211  -0.0461733  
0.00241605  0.00125949  0.000417091  -0.0389691  -0.0728045  -0.0037419  
0.00238613  0.00140124  0.000429131  -0.0574853  -0.0462249  -0.0484567  
0.00266086  0.00150535  0.000568926  -0.0666445  -0.0185068  -0.0484968  
0.00351575  0.001505  0.000568926  -0.0630273  -0.00924935  -0.00564919  
0.00310971  0.00134234  0.000403225  -0.0630116  -0.0204684  0.0192303  
0.00341949  0.0014182  0.000511164  -0.0530085  -0.00926873  -0.0127339  
0.00343901  0.00148291  0.000483588  -0.0591242  -0.00927769  0.0325695  
0.00318288  0.00148513  0.000120384  -0.0504036  -0.0248105  0.0589558  
0.00257265  0.00135053  0.000139862  -0.0467448  -0.0284386  0.0182573  
0.00228191  0.00141686  0.000139862  -0.0467447  -0.0283946  -0.0244491  
0.00377931  0.00120148  0.000615753  -0.0313621  -0.0283733  0.00583501  
0.00292931  0.00141686  9.977e-05  -0.0200714  -0.0283788  0.0130612  
0.00293284  0.00141686  0.000329158  -0.00129818  -0.0283727  0.00624511  
0.00206724  0.00104303  0.000329158  -0.0176604  -0.0642965  0.0346494  
0.00195156  0.00141686  0.000646811  -0.0110441  -0.0715529  0.0142953  
0.00295019  0.00129179  0.000627784  -0.0119336  -0.0643452  -0.00490652  
0.00296256  0.000952646  0.000628198  -0.00412875  -0.0551978  0.0371542  
0.00253973  0.000898734  0.000697088  0.00310556  -0.0558677  0.0755749  
0.00228473  0.00095563  0.000697088  -0.00850562  -0.0478141  0.0755229  
0.00244103  0.000985317  0.000697088  -0.0118091  -0.0505402  0.05545  
0.00223825  0.00141686  0.000697088  -0.0274818  -0.0395259  0.0753945  
0.00225388  0.000992031  0.000553323  -0.0249051  -0.0221222  0.115814  
0.00122785  0.00097908  0.000288035  -0.0272839  -0.00832827  0.0975147  
0.000924032  0.000967073  0.000288035  -0.0272866  -0.00638585  0.0564771  
0.00169025  0.00101504  0.000288035  -0.0491395  0.0149165  0.0618792  
0.00184925  0.00087472  0.000149759  -0.0434498  0.00493347  0.0978396  
0.00134529  0.000917072  -3.65737e-05  -0.043505  0.00486154  0.0427645  
0.00143576  0.0009775  0.000288035  -0.043481  0.0149217  0.0189929  
0.00203031  0.000942539  0.000288035  -0.0397486  0.0182645  0.0670316  
0.00221011  0.000968632  -0.000562142  -0.0465024  0.0148751  0.0674021  
0.000495069  0.000723979  -0.000408942  -0.0387658  -0.0161287  0.105333  
0.000877652  0.00126616  -4.74871e-05  -0.0366761  -0.0160541  0.0569717  
0.00136724  0.000939265  0.000624342  -0.00739136  -0.0160056  0.0361871  
0.00157946  0.000779273  0.000565441  0.000872851  -0.0159995  0.0398498  
0.0021748  0.000828082  0.000655754  0.000864771  -0.0159442  0.0641549  
0.00133577  0.000828083  0.000767303  0.00667414  -0.0232881  0.0928081  
-0.000233565  0.000396942  0.000767303  0.00561037  -0.044895  0.100033  
-0.000754924  0.000396942  0.00109977  -0.00671131  -0.0405347  0.0620387  
-0.000659113  0.000396941  0.00131661  0.00653888  -0.0368722  0.0337937  
-0.000659113  0.000798496  0.00142197  -0.0188211  -0.0146715  0.0492955  
0.000418247  0.000798496  0.000995771  -0.0259459  -0.000421274  0.105124  
0.000905543  0.000617479  0.000619351  0.00351108  0.00813675  0.105031  
0.000203656  0.000374931  0.000404396  -0.00990444  0.00315058  0.0930806  
0.000203656  0.000354338  3.63664e-05  -0.000324163  0.00314667  0.0563673  
0.000285294  0.00039849  0.000560561  -0.00992072  0.0274527  0.0273727  
0.00111087  2.54656e-06  0.000152959  -0.00994259  0.0391167  0.0544049  
0.00121227  0.000290199  -6.91816e-05  -0.0100421  0.0391963  0.0190693  
0.00147966  -7.55739e-05  -6.91816e-05  -0.0100491  0.0391908  0.00216405  
0.000623698  -0.000418784  -0.000265608  -0.0100039  0.0106973  0.0314453  
2.17807e-05  3.74536e-05  -6.91816e-05  -0.00022806  0.000196184  -6.06428e-06  
-0.000499442  3.74536e-05  0.000742194  0.0101362  0.00847275  0.0260153  
0.000969349  3.74536e-05  -0.000836849  0.00853978  0.00677504  -0.00594808  
-0.000147068  3.74536e-05  -0.00101387  0.0110487  -0.0132882  0.0353803  
-0.000661756  -0.00032063  -0.00125674  0.0200806  -0.0326511  0.0532259  
-0.000990723  -0.000140917  -0.0010128  0.0272784  -0.0515958  0.0541728  
-0.000921082  3.74536e-05  0.000182024  0.0429013  -0.024135  0.0224932  
-0.000826584  3.74536e-05  0.000430598  0.0269966  0.00846549  0.0506928  
-0.000585592  3.74536e-05  0.000373818  0.0270102  0.00123713  0.0533216  
-0.000639728  3.74536e-05  0.000373818  0.0477009  -0.0127377  0.053315  
-0.00135375  -0.000582387  -0.000760128  0.027978  -0.0327658  0.110405  
-0.00113115  -0.000142547  -0.000243444  0.0153978  -0.0417499  0.0986357  
-0.00116749  -0.000232958  -0.000306191  0.00858679  -0.00782757  0.0476079  
-0.000488654  -0.000116717  -0.000167235  0.000729547  0.0178657  0.0238528  
0.000365908  -6.6815e-06  -0.000601646  0.00172275  0.0411134  0.055352  
0.000778821  -0.000116717  -0.00099613  0.00181323  0.050588  0.074502  
8.50272e-05  -0.000116717  -0.000995358  0.00181596  0.0374077  0.0968383  
-0.000603935  -0.000308112  -0.000803491  0.00186759  0.00480152  0.0820111  
-0.000603935  -0.000222225  -0.000601646  -0.00654071  0.00760941  0.0560072  
3.03563e-05  -0.000116717  -0.000790836  -0.00666221  0.0278877  0.059609  
0.000557953  -6.52608e-05  -0.00139833  0.00195699  0.0255623  0.0561723  
0.000955874  -0.000137147  -0.00216195  -0.0137372  0.0208761  0.0217708  
-7.2346e-05  -0.000141983  -0.00227509  -0.0121828  0.0108018  0.0445999  
-0.000986727  -0.000585504  -0.00163759  -0.00564185  -0.0169098  0.0684276  
-0.00138942  -0.000473438  -0.00104588  0.00192993  -0.0342928  0.0269218  
-0.00151018  -0.000539325  -0.000899885  0.00187827  -0.00762834  -0.0157028  
-0.00138942  -0.000269935  -0.000324166  0.00178712  0.0312169  -0.0189067  
-0.00115262  -0.000665086  -0.000756806  0.00187611  0.0308309  0.0477929  
-0.000429472  -0.000665086  -0.00156451  0.00210009  0.00911899  0.029743  
-0.00081659  -0.000665086  -0.00127025  0.0183672  -0.0104924  0.0750786  
-0.00183266  -0.000665086  -0.000705757  0.00550348  -0.0227535  0.0749164  
-0.00172193  -2.37827e-05  -0.000382074  0.00990935  -0.0275353  0.0378805  
-0.00107154  -2.37827e-05  -0.000335335  0.0240815  0.00182264  -0.00825589  
-0.000248013  0.000320953  -0.000505701  0.00956527  0.025867  0.0340071  
0.00010449  0.000509655  -0.000705757  0.00182215  0.0447166  0.0339721  
9.43538e-05  0.000171493  -0.000774487  0.00185104  0.0426536  0.0507595  
-0.000858798  9.61036e-05  -0.000705757  0.00518663  0.0295112  0.0340918  
-0.00103876  -0.000186662  -0.000705757  0.00188276  0.0244518  0.000889841  
-0.000909487  -0.000124658  -0.00064812  0.00189813  0.0331892  -0.0310225  
-0.000595443  -0.000269916  -0.000705757  0.00189  0.0533175  0.0042625  
-0.00094708  -0.000201528  -0.00112201  0.0018793  0.0610593  0.0318822  
-0.00167107  -0.000436286  -0.00125031  -0.00934891  0.0429834  0.0829668  
-0.00195503  -0.00068836  -0.001132  -0.0151008  0.0246558  0.056887  
-0.00218321  -0.00040783  -0.00105428  -0.012621  -0.0084179  0.0376397  
-0.00169937  -0.000402099  -0.000955757  -0.0185105  0.0144369  0.00411594  
-0.00182763  -0.00068836  -0.000705757  -0.018814  0.0189706  0.0576185  
-0.00182763  -0.000545004  -0.000867514  0.00198482  0.0404023  0.0407571  
-0.00182763  -0.000688361  -0.000955757  -0.00214573  0.0256879  0.0461494  
-0.00207763  -0.000688361  -0.00106685  -0.00716987  0.0174211  0.0799562  
-0.00275696  -0.000851718  -0.000705757  -0.0116686  -0.0133727  0.0662221  
-0.00310537  -0.000688361  -0.000513111  -0.0101795  0.00362647  0.0425267  
-0.00190508  -0.000285927  -0.000281574  -0.0138294  0.026396  0.04171  
-0.00105233  -0.000173642  -0.000374107  -0.0146444  0.0460716  0.0636868  
-0.00120181  -0.000173641  -0.000705757  -0.00867154  0.056304  0.0624533  
-0.00165543  -0.000173641  -0.000649737  -0.0174915  0.0624069  0.0472404  
-0.00124088  -0.000173641  -0.000455757  -0.0174543  0.0714879  0.0319943  
-0.000651625  -0.00013238  -0.00091684  -0.0221121  0.0625463  0.0917028  
-0.00147759  -0.000305454  -0.00114738  -0.0253267  0.050039  0.086345  
-0.00155414  -0.000679421  -0.00126098  -0.0374543  0.0402873  0.0918617  
-0.00165093  4.23516e-22  -0.00128375  -0.0309738  0.0535188  0.0526793  
