0.00961282  0.00317811  0.000524395  -0.130707  -0.154475  -0.394738  
0.00915939  0.00301737  0.000504154  -0.126261  -0.162248  -0.453674  
0.00740152  0.00275614  0.000500621  -0.1253  -0.156278  -0.471235  
0.00790449  0.00268351  0.000498692  -0.125457  -0.143228  -0.448798  
0.00889271  0.00292471  0.000413726  -0.133489  -0.123189  -0.334849  
0.00956247  0.00260986  0.000296501  -0.122861  -0.123498  -0.314258  
0.00914527  0.00213869  0.000353287  -0.12152  -0.123342  -0.325471  
0.00819043  0.00253374  0.000625121  -0.113041  -0.119086  -0.371995  
0.00777834  0.0026759  0.000313815  -0.105013  -0.112074  -0.431161  
0.00825848  0.00219808  0.000207254  -0.105213  -0.0949415  -0.379556  
0.00896683  0.00212288  0.000158368  -0.0979068  -0.10176  -0.311324  
0.00815925  0.00214103  0.000219716  -0.101682  -0.106537  -0.32085  
0.00737861  0.00204789  0.000193009  -0.0997381  -0.115245  -0.370541  
0.0075835  0.00198133  0.000343328  -0.0964254  -0.105279  -0.407391  
0.00836704  0.00173297  0.000117376  -0.0979799  -0.0894602  -0.355272  
0.00774478  0.0019061  -0.000192249  -0.111611  -0.101773  -0.262712  
0.0067868  0.00188737  0.000199807  -0.112544  -0.107204  -0.288735  
0.00585268  0.00231975  0.000227267  -0.101025  -0.118142  -0.322643  
0.00603177  0.00230343  0.00043012  -0.101831  -0.115737  -0.363865  
0.00712725  0.00195045  0.000234944  -0.107277  -0.0823885  -0.340707  
0.00780571  0.0017132  -0.0001763  -0.0978123  -0.0779854  -0.366921  
0.00773264  0.00177578  -0.000106035  -0.114964  -0.0815394  -0.321662  
0.00702843  0.00192237  -0.000391662  -0.140789  -0.081164  -0.347516  
0.00631186  0.00206975  -0.000148285  -0.127931  -0.0935644  -0.393476  
0.00663107  0.00225363  -5.39403e-05  -0.121338  -0.0847866  -0.408784  
0.00694368  0.0021216  -0.000484367  -0.115006  -0.0598726  -0.322263  
0.00721454  0.00208603  -5.39403e-05  -0.0902623  -0.0681507  -0.288302  
0.00561939  0.00162436  -5.39403e-05  -0.117669  -0.0827652  -0.310175  
0.00511988  0.00217872  -5.39403e-05  -0.139294  -0.0962744  -0.329656  
0.00675416  0.00259585  -0.000147823  -0.152298  -0.0556242  -0.436623  
0.0072404  0.00504665  -0.000727466  -0.223754  -0.114322  -0.506613  
0.00352391  0.00277891  -0.00132962  -0.174219  -0.118357  -0.177828  
0.00351698  0.00238071  -0.000887755  -0.154565  -0.0926704  -0.176518  
0.00189144  0.00218622  -0.000717222  -0.141955  -0.0953704  -0.202104  
0.00232785  0.00228071  -0.000185132  -0.114578  -0.0914511  -0.250621  
0.00370758  0.00218622  -0.000121092  -0.114591  -0.08176  -0.150308  
0.00391577  0.00218622  -0.000545549  -0.114509  -0.101507  -0.124511  
0.00264908  0.00184476  -0.000288711  -0.134801  -0.100629  -0.108354  
0.00219291  0.00178061  -0.000282462  -0.140001  -0.114862  -0.155832  
0.00151273  0.00190491  -0.000121092  -0.134817  -0.117634  -0.166833  
0.00254385  0.00210608  0.000291904  -0.119598  -0.112241  -0.152645  
0.00322999  0.00168241  -0.000404189  -0.115433  -0.0977477  -0.071142  
0.00294842  0.00173463  -0.000313811  -0.111202  -0.10117  -0.0436698  
0.00169241  0.00174189  -8.3884e-05  -0.114585  -0.124739  -0.0844061  
0.00161339  0.00195801  -8.38839e-05  -0.114503  -0.113814  -0.130109  
0.00271465  0.00196535  -3.80817e-05  -0.0984552  -0.0855032  -0.134414  
0.00358  0.00186051  -0.000434016  -0.106331  -0.0809365  -0.0817011  
0.00293855  0.00166758  -0.000174058  -0.0942695  -0.0994898  -0.0610964  
0.00162631  0.001666  0.000306812  -0.104595  -0.11252  -0.07174  
0.00285227  0.00172974  0.000306812  -0.094338  -0.0943536  -0.106184  
0.0042189  0.00171608  -0.00065972  -0.097781  -0.0814848  -0.0983456  
0.0042189  0.00161435  -0.000547453  -0.111324  -0.0951703  -0.0450139  
0.00335806  0.00136659  -0.000326986  -0.120055  -0.100206  -0.0239306  
0.00211377  0.00126549  -0.000102002  -0.113551  -0.121775  -0.0389029  
0.00305429  0.00162724  -0.000326986  -0.113467  -0.100193  -0.0617242  
0.00424391  0.00156673  -0.00062957  -0.110997  -0.0953219  -0.0565171  
0.0052362  0.00170611  -0.000756919  -0.102677  -0.10192  -0.035747  
0.00419028  0.00103077  -0.000789728  -0.120599  -0.117226  0.0298046  
0.00312975  0.000934341  -0.000547952  -0.120449  -0.126152  0.0286483  
0.00268443  0.000932209  -0.000361246  -0.108167  -0.117656  -0.0203147  
0.0032133  0.000799982  -0.000274206  -0.103664  -0.0970501  -0.0421849  
0.00439742  0.000929211  -0.000523423  -0.100157  -0.0658229  -0.0583021  
0.00486362  0.00104252  -0.000704822  -0.10029  -0.0722059  -0.01746  
0.00415576  0.000652981  -0.000459934  -0.110235  -0.0944656  -0.00360574  
0.00354347  0.000811817  4.75828e-05  -0.106318  -0.11116  -0.0418245  
0.00420117  0.000860137  -0.000562529  -0.0968888  -0.0835591  -0.0789456  
0.00606088  0.00109708  -0.000842974  -0.0968771  -0.0919201  -0.00624203  
0.00474923  0.000638475  -0.00101088  -0.114377  -0.120901  0.0273173  
0.00444066  0.000780416  -0.000625146  -0.11447  -0.116839  -0.000926348  
0.00632927  0.00112571  -0.00101088  -0.0966802  -0.112999  0.00536503  
0.00570327  0.000749556  -0.00101088  -0.0950977  -0.128178  0.0593357  
0.00485653  0.000290097  -0.000836848  -0.104383  -0.137386  0.0738374  
0.00452277  0.000460494  -0.000773867  -0.0828818  -0.135262  0.059237  
0.00389939  0.000692939  -0.00051378  -0.0862805  -0.130233  0.0386281  
0.00517812  0.000613652  -0.000680259  -0.0862495  -0.115341  0.0768014  
0.00509638  0.000794768  -0.000829832  -0.0862291  -0.108681  0.133471  
0.00378172  0.000663534  -0.00052432  -0.0762067  -0.121065  0.116711  
0.00368437  0.000722216  -0.000448038  -0.076213  -0.107676  0.0679717  
0.00453056  0.000777659  -0.000643897  -0.0700025  -0.0954026  0.0997916  
0.00539386  0.000722216  -0.000723907  -0.0759752  -0.0952488  0.156583  
0.00466912  0.000722216  -0.000872995  -0.072715  -0.110164  0.159066  
0.00340388  0.000722216  -0.00074756  -0.0646302  -0.11732  0.111816  
0.00423707  0.000503793  -0.000727637  -0.0594024  -0.0954139  0.120158  
0.00503864  0.000618823  -0.00057319  -0.0522902  -0.0898594  0.175896  
0.00444813  0.000438309  -0.000855674  -0.0645716  -0.100809  0.175816  
0.00338486  0.000492985  -0.000780589  -0.0676443  -0.116867  0.111345  
0.00426828  0.000529113  -0.000702706  -0.0586005  -0.099618  0.117744  
0.00555834  0.00037919  -0.000840724  -0.0645704  -0.0951659  0.182653  
0.00515418  0.000320385  -0.00101088  -0.0645039  -0.0952759  0.194444  
0.0040184  0.000525572  -0.00101088  -0.0645571  -0.106238  0.133235  
0.0039119  0.000722216  -0.00101088  -0.0645917  -0.0954786  0.111526  
0.00502626  0.000443013  -0.00101088  -0.0503696  -0.0816431  0.181621  
0.00456764  0.000388798  -0.00101089  -0.0645152  -0.0902327  0.227406  
0.0039119  0.000470019  -0.000923462  -0.064548  -0.0918341  0.154665  
0.00330965  0.000574091  -0.00115414  -0.0645513  -0.0988484  0.0999599  
0.00333242  0.000722216  -0.000937991  -0.0601853  -0.0985225  0.101846  
0.00433934  0.000644441  -0.000617857  -0.0484546  -0.0819826  0.111789  
0.00433934  0.000722216  -0.000569657  -0.051492  -0.0854296  0.153271  
0.00285031  0.000431228  -0.000751524  -0.0645841  -0.0790949  0.0709415  
0.00221634  0.000383251  -0.000573484  -0.0673422  -0.0940904  0.0539901  
0.00324818  0.000293602  -0.000609237  -0.0598724  -0.0856028  0.0752222  
0.00435317  0.00012391  -0.000539254  -0.0403622  -0.0694584  0.100627  
0.00334263  -0.000174787  -0.000605537  -0.0472362  -0.0823209  0.114444  
0.00252814  7.10706e-05  -0.000696636  -0.0641544  -0.0761594  0.0697299  
0.00258146  0.00011236  -0.000640868  -0.0515349  -0.0760293  0.048592  
0.0031098  0.000243777  -0.000441134  -0.0496724  -0.0870621  0.101134  
0.00393811  0.000111224  -0.000626195  -0.054241  -0.0795616  0.177286  
0.00361408  -1.54518e-05  -0.000835965  -0.0642293  -0.0785452  0.175252  
0.00249121  -0.000326932  -0.00064173  -0.0542008  -0.0871445  0.127964  
0.00161391  0.00015495  -0.000596625  -0.0542781  -0.0813683  0.089906  
0.00176638  5.97263e-05  -0.000207315  -0.0556144  -0.0788465  0.074801  
0.00243248  7.17894e-05  -0.000381207  -0.0520999  -0.0637336  0.100523  
0.00325608  -0.000123076  -0.000627718  -0.0541384  -0.0548852  0.167277  
0.0025544  -0.000326932  -0.000629313  -0.068679  -0.0600952  0.183347  
0.0014343  -0.00015768  -0.000696305  -0.0714024  -0.0640221  0.130144  
0.0014343  2.98483e-05  -0.000930713  -0.0690748  -0.0535889  0.108431  
0.0014343  0.000149436  -0.000680063  -0.0714292  -0.0401708  0.108421  
0.00235547  -0.000182265  -0.000629313  -0.0493952  -0.0344519  0.187161  
0.0023746  -0.000326933  -0.000629313  -0.0581941  -0.0192046  0.20005  
0.00175408  -0.000326932  -0.000629313  -0.0713719  -0.0193479  0.17054  
0.000866441  -0.000125336  -0.000629313  -0.0571395  -0.0392491  0.127986  
0.00115813  -0.000117502  -0.000993424  -0.0533626  -0.0374713  0.0871817  
0.00191657  -2.63923e-05  -0.000629313  -0.0533926  -0.0270131  0.0721079  
0.00267199  -0.000326932  -0.000629313  -0.0533605  -0.00321323  0.0950423  
0.00329464  -0.000414574  -0.000440211  -0.0370168  0.00549583  0.0296831  
0.0021379  -0.000173275  -0.000556589  -0.0716457  -0.00893612  0.0935634  
0.000963927  -1.99274e-05  -0.000629313  -0.0889396  -0.0431091  0.0581234  
0.00110358  9.3116e-05  -0.000629313  -0.0770928  -0.0379474  0.0114041  
0.00175593  0.000135999  -0.00031918  -0.0679052  -0.0323016  0.0174474  
0.00191021  3.99196e-05  -0.000496479  -0.055688  -0.0273257  0.145849  
0.00111318  -8.08224e-05  -0.000629313  -0.0716747  -0.027419  0.135158  
0.00025138  0.000209472  -0.000629313  -0.0664874  -0.0140645  0.0531684  
0.00035871  0.000183013  -0.000434935  -0.0591175  -0.0274225  0.0293311  
0.000746444  0.000350605  -0.000350745  -0.0350801  -0.00953001  0.0673755  
0.00175034  0.000340883  3.24819e-05  -0.0351148  0.0197754  0.086  
0.00135949  0.000161868  6.04399e-05  -0.035066  0.00843502  0.090037  
0.000700778  0.000357767  6.80644e-05  -0.03988  -0.00950549  0.106401  
0.000378287  0.000359105  7.86992e-05  -0.0374707  -0.00953673  0.0727701  
0.000139599  0.00026768  0.000268981  -0.030919  -0.026014  0.0577558  
0.00130071  0.00014837  0.000323648  -0.0350692  -0.0126296  0.0599332  
0.00183856  -5.85463e-05  0.000213027  -0.0268678  -0.00849077  0.11487  
0.000949843  -0.000326933  0.000268981  -0.0350516  -0.0162707  0.147502  
0.000299152  -8.51607e-05  7.0572e-05  -0.0350916  -0.00672032  0.106468  
0.000140124  5.81504e-05  0.000268981  -0.0350978  -0.0215473  0.0833486  
0.000463483  -3.48646e-05  0.00034084  -0.0204376  -0.0143864  0.0480936  
0.00123773  -0.000326933  0.000268981  -0.0179307  0.00486296  0.0507145  
0.00191361  -5.11127e-06  0.000457727  -0.00395151  0.0245917  0.0730444  
0.00114662  -1.6231e-05  0.000412776  -0.0127531  0.0038845  0.107007  
0.000374904  2.54801e-05  -6.93013e-05  0.00596134  -0.0106021  0.0749974  
-0.00042119  0.000250062  2.71027e-06  0.0101954  -0.000292847  0.0367922  
2.83691e-05  -7.54955e-05  -6.47651e-05  0.000769336  0.000209539  0.000100837  
0.00105548  -0.000326933  -5.88254e-05  -0.0142986  0.0303756  0.0392168  
0.00125581  -0.000326933  2.15019e-06  -0.026134  0.0119501  0.0712869  
-5.60895e-06  -0.000326933  2.15019e-06  -0.0326255  0.0165439  0.0782097  
-0.000745668  -0.000401252  2.15019e-06  -0.0146936  -0.00493144  0.0917101  
-0.000495668  -0.000326933  2.15019e-06  0.00206525  -0.00609688  0.0754362  
-8.61497e-05  -0.000326933  -0.00031955  0.0131245  0.00153838  0.0749981  
0.000756119  -0.000475925  -9.16144e-05  0.00927049  0.00152598  0.13613  
0.000785939  -0.000565712  -0.000134306  -0.00038439  0.00389314  0.158554  
-7.4549e-05  -0.000371846  2.15019e-06  -0.00821286  0.00185978  0.148206  
-0.000807526  -0.000389362  -0.0001377  -0.0115519  -0.0173086  0.107413  
-0.000868037  -0.000390958  -7.75569e-05  -0.0108114  -0.0152338  0.0991268  
-0.000842367  -0.00048607  2.15019e-06  -0.0103727  -0.0130615  0.0732136  
-0.000487059  -0.000695147  -0.000430643  -0.00812019  0.00162047  0.0873216  
0.000329934  -0.000713621  -0.000373261  -0.0184854  0.0142029  0.142617  
0.000788777  -0.000747967  -0.000162163  -0.0204748  0.0120033  0.191118  
-7.93823e-05  -0.000936272  2.15019e-06  -0.0253802  0.0177488  0.184329  
-0.000865715  -0.000701826  -0.000114766  -0.0253629  0.0176151  0.0860764  
-0.00156174  -0.000485748  0.000151246  -0.0253893  0.00806131  0.0387056  
-0.00109486  -0.000289313  0.000111416  -0.025394  0.0175996  0.0268718  
-0.000516927  -0.000334629  6.8382e-05  -0.0210328  0.0176507  0.076508  
-8.70016e-05  -0.000576407  7.03226e-05  -0.0212697  0.0338724  0.131473  
0.000319302  -0.00065088  -0.000113601  -0.0253651  0.0458001  0.147384  
0.000335081  -0.000943916  -0.00010179  -0.035346  0.0365068  0.166889  
-0.000549745  -0.000818101  5.37295e-05  -0.0252735  0.0287667  0.13579  
-0.00102541  -0.000845844  9.26215e-05  -0.025228  0.013643  0.105242  
-0.0011522  -0.000686378  0.000216138  -0.0252502  0.00668222  0.0817635  
-0.00136912  -0.000595832  -5.47472e-07  -0.0252386  0.018211  0.0605425  
-0.000618779  -0.000488485  0.00027914  -0.0218455  0.0461699  0.0249647  
0.00132123  -0.0010192  0.000106033  -0.0432671  0.0575168  0.0414182  
0.00115673  -0.000845844  -0.000125829  -0.0574821  0.0348953  0.0232519  
0.000495385  -0.000732165  4.96962e-05  -0.0602462  0.00283862  -0.0274822  
-0.000386313  -0.000703023  0.000127628  -0.0483861  -0.000204751  -0.0843513  
-0.000185941  -0.000605654  0.000127628  -0.042278  -0.000553407  -0.0693018  
0.000824559  -0.000778022  0.000213439  -0.0326341  0.0208178  -0.0452092  
0.00152472  -0.00122457  0.000202071  -0.0358038  0.0301194  0.0117068  
0.000588465  -0.00118854  0.000127628  -0.0345089  0.0110849  0.0167497  
-0.000348454  -0.00109584  -0.000205128  -0.0356665  -0.0100318  -0.00209031  
-0.000563789  -0.0008993  -0.000315162  -0.0436988  -0.0151116  -0.0380318  
0.000247561  -0.000994964  -0.00031414  -0.0273197  -0.0102751  -0.0281195  
0.00141244  -0.00125633  -6.23775e-05  -0.021287  0.0183767  0.0402967  
0.00130665  -0.00125298  -0.00013601  -0.0194377  0.0159001  0.0596571  
0.00140776  -0.000959904  -0.000162938  -0.0174068  0.0159186  0.0596442  
0.000864965  -0.00124646  -0.000301911  -0.00962557  0.0158974  0.0596425  
0.000312033  -0.00135  -0.000278828  -0.018371  0.00698192  0.0402144  
0.000312034  -0.0012735  -0.000320488  -0.0248935  0.00219851  0.0124122  
0.000312033  -0.00100726  -0.000299767  -0.0371402  0.0046432  -0.0272157  
0.00713321  0.00113644  -0.00104885  -0.0972811  0.0680348  -0.238023  
0.00305213  0.00128464  -0.00262042  -0.125792  0.029438  -0.0206991  
0.000412646  0.00118165  -0.00227254  -0.111774  0.0267949  0.0985801  
-0.0010673  0.000914652  -0.00180197  -0.0975691  0.00332623  0.144849  
-0.00221748  0.000995641  -0.00180197  -0.0874164  -0.0204963  0.144808  
-0.00283127  0.000873745  -0.00180197  -0.0775222  -0.025073  0.164768  
-0.00196929  0.000514886  -0.00150267  -0.0738926  0.00118507  0.196996  
-0.00114358  0.000152653  -0.00140924  -0.0700458  0.0244176  0.228668  
-0.00038665  0.000166213  -0.00150397  -0.0489158  0.00420966  0.214909  
-0.000966618  -7.97842e-05  -0.0013454  -0.0530339  0.0130413  0.264576  
-0.00172163  -7.34342e-05  -0.00129151  -0.0462287  0.0128092  0.271197  
-0.0026717  0.000164803  -0.00094671  -0.0261944  -0.0162888  0.245241  
-0.00306127  0.000240292  -0.00108391  -0.0189107  -0.00687283  0.211746  
-0.00274427  0.000182156  -0.00103137  -0.018979  0.00828988  0.192401  
-0.00191045  -0.00015425  -0.00103137  -0.0272227  0.0207279  0.218566  
-0.00088834  -0.000621999  -0.00103137  -0.0249173  0.027371  0.259648  
-0.00162522  -0.000353258  -0.00103137  -0.0250525  0.0311886  0.289821  
-0.00227212  -0.000353258  -0.00094445  -0.0191656  0.0241752  0.250186  
-0.00302186  -0.000191149  -0.00103137  -0.00558513  0.00242603  0.218226  
-0.00225519  -0.000353258  -0.000781372  -0.00302022  0.0163016  0.248245  
-0.00154473  -0.000588386  -0.00103137  -0.00886988  0.0118044  0.250511  
-0.000631122  -0.000547613  -0.00103137  -0.0215842  0.0070479  0.250591  
-0.00183602  -0.000544584  -0.000781372  -0.00514151  0.00665706  0.246232  
-0.00245031  -0.000353258  -0.00103137  -0.0134982  0.00649329  0.238671  
-0.00225462  -0.000353258  -0.00103137  -0.01361  0.00654209  0.201003  
-0.00137612  -0.000548583  -0.00103137  -0.00718054  0.023073  0.201065  
-0.000791016  -0.000767097  -0.00103137  -0.0188857  0.01594  0.259963  
-4.93522e-05  -0.000832695  -0.00103137  -0.018868  0.0230544  0.268916  
-0.000574111  -0.0011193  -0.000920333  -0.0187399  0.0280082  0.278541  
-0.00167255  -0.000975145  -0.00103137  -0.0187947  0.0220101  0.27374  
-0.00210127  -0.000798205  -0.000911231  0.00110597  0.00512809  0.292221  
-0.00156146  -0.000769915  -0.000781372  -0.018879  0.0152875  0.249521  
-0.000424981  -0.000799  -0.00103137  -0.0188918  0.0228645  0.230897  
-5.52302e-05  -0.000883693  -0.00103137  -0.0188585  0.0289188  0.223367  
-0.000344749  -0.00108253  -0.000869397  -0.0187681  0.0247485  0.265656  
-0.00120795  -0.00124895  -0.00103137  -0.0187319  0.0239049  0.300028  
-0.00217134  -0.000795191  -0.00103137  -0.018879  0.0142538  0.256243  
-0.00209985  -0.000795191  -0.00103137  -0.018879  0.0210286  0.228152  
-0.000554866  -0.000795191  -0.00103137  -0.0215047  0.0346564  0.262354  
0.000770518  -0.00117642  -0.00110248  -0.018754  0.0305013  0.308281  
0.000852096  -0.00123457  -0.00114258  -0.0187454  0.0479898  0.310367  
-0.00049401  -0.00145459  -0.00103137  -0.0186322  0.0300565  0.30444  
-0.00146875  -0.00122716  -0.00103137  -0.0187263  0.029713  0.268722  
-0.00138034  -0.00079519  -0.000781372  -0.0188662  0.0237285  0.250613  
-0.000865623  -0.00109933  -0.000781372  -0.035794  0.0299219  0.25059  
4.66535e-05  -0.00127923  -0.000826879  -0.035724  0.0432257  0.321489  
0.000610081  -0.00103461  -0.00118047  -0.0358562  0.0548248  0.255883  
0.000775443  -0.00111994  -0.00133523  -0.0358182  0.0509428  0.264658  
-0.000156584  -0.00120217  -0.00103137  -0.0357777  0.0337119  0.279943  
-0.00108464  -0.0012176  -0.00103137  -0.0357721  0.0155866  0.263687  
-0.00132655  -0.00132885  -0.00103137  -0.0444036  0.0110861  0.278285  
-0.00108464  -0.00136638  -0.00103137  -0.0373974  0.0199998  0.265871  
-0.000399405  -0.00154792  -0.00103137  -0.0451667  0.0539425  0.272192  
0.000675859  -0.00164447  -0.00103137  -0.0451439  0.0629827  0.284666  
0.000907162  -0.00165622  -0.00103137  -0.0378467  0.0921779  0.240962  
-6.19644e-06  -0.00192879  -0.00103137  -0.0192334  0.0648834  0.285747  
-0.000838532  -0.00197498  -0.00103137  -0.0286653  0.0574158  0.295047  
-0.00126794  -0.00198864  -0.000781372  -0.0206521  0.044626  0.295094  
-0.00142936  -0.00183157  -0.00103137  -0.0313754  0.0573105  0.269625  
6.35925e-05  -0.00183157  -0.00103137  -0.0427134  0.0669794  0.255823  
0.00127956  -0.00183157  -0.00103137  -0.0530359  0.0672506  0.238517  
0.00131403  -0.0022046  -0.000827412  -0.057608  0.0573144  0.25599  
6.79797e-05  -0.00227225  -0.00106707  -0.0364706  0.0520077  0.285436  
-0.000505505  -0.00210525  -0.000795439  -0.0365002  0.0311278  0.283825  
-0.000244195  -0.00227664  -0.000795439  -0.0364377  0.0323279  0.277816  
0.00098514  -0.00239871  -0.000795439  -0.0542242  0.0490725  0.26332  
0.00186188  -0.00235296  -0.000623737  -0.0539399  0.0563907  0.27487  
0.00176559  -0.00261576  -0.000684337  -0.0538351  0.0493086  0.298503  
0.000804384  -0.0025741  -0.000791755  -0.053855  0.0346173  0.278546  
-1.10103e-05  -0.00245558  -0.000619662  -0.0538963  0.0323359  0.283876  
0.000237273  -0.00239422  -0.000744977  -0.0539231  0.017578  0.261515  
0.00121219  -0.00231567  -0.000619662  -0.0539521  0.049076  0.239282  
0.00305224  -0.00205459  -0.000965403  -0.054097  0.0974913  0.231385  
0.00330894  -0.00183157  -0.00103943  -0.0541675  0.102413  0.208648  
0.0021815  -0.00265431  -0.000742074  -0.0481718  0.0674524  0.248609  
0.00130457  -0.0025466  -0.000619662  -0.0374863  0.0510916  0.255975  
0.000589515  -0.00240591  -0.000619662  -0.0381978  0.0409107  0.265125  
0.00111401  -0.00219253  -0.000619662  -0.0412392  0.0485332  0.247098  
0.00155318  -0.00262667  -0.000983891  -0.0538803  0.0612355  0.292968  
0.00336462  -0.00271281  -0.00116775  -0.0684762  0.0838422  0.225914  
0.00351869  -0.00243126  -0.00135328  -0.0646897  0.0893242  0.236518  
0.00246479  -0.00277943  -0.000848153  -0.0538226  0.0621698  0.260353  
0.00158725  -0.00275415  -0.000664198  -0.0497514  0.045158  0.283184  
0.000963685  -0.00279309  -0.000403013  -0.0476908  0.0200571  0.28093  
0.00177067  -0.00257757  -0.000403013  -0.0538133  0.0462748  0.256995  
0.00281964  -0.00257757  -0.000887702  -0.0505437  0.0877767  0.221591  
0.00336166  -0.00257757  -0.000991519  -0.0539116  0.0997926  0.222824  
0.00322706  -0.00257757  -0.000968781  -0.0539117  0.0997909  0.245068  
0.0023766  -0.00286916  -0.000811276  -0.0537811  0.0784739  0.298241  
0.00135977  -0.00281169  -0.000577578  -0.0497181  0.0413092  0.340369  
0.00145199  -0.00257757  -0.000594187  -0.0390117  0.0412705  0.307757  
0.00222315  -0.00257757  -0.000762532  -0.0493598  0.0783758  0.257306  
0.00277277  -0.00289016  -0.00128407  -0.0502285  0.111151  0.286796  
0.00325668  -0.00257757  -0.00127172  -0.0498107  0.107536  0.294732  
0.00163345  -0.00277675  -0.00110767  -0.046592  0.0587772  0.365856  
0.000932086  -0.00274821  -0.000834507  -0.0538246  0.0300419  0.353429  
0.00105141  -0.00257757  -0.00114292  -0.0539444  0.075506  0.271948  
0.00232134  -0.00237992  -0.00147835  -0.0640065  0.127072  0.197801  
0.0019761  -0.00282046  -0.00168515  -0.071082  0.110142  0.244112  
0.00294049  -0.00251867  -0.00166243  -0.0700634  0.127228  0.242503  
0.00228183  -0.00271977  -0.00126743  -0.0643656  0.119058  0.275288  
0.0016655  -0.00277956  -0.00129222  -0.0627084  0.0902002  0.300191  
0.00081176  -0.00281007  -0.00130667  -0.0673452  0.0551821  0.29275  
